0.487005 0.321104 6.56834 0.799039 0.47051 5.04917
0.649337 0.34538 4.40605 0.311586 0.313059 4.37368
0.666146 0.43197 7.48917 0.996915 0.20351 3.88357
0.56433 0.319989 4.09474 0.680346 0.313557 3.05286
0.519419 0.363704 6.37449 0.538744 0.226915 2.15749
0.631834 0.247374 4.5527 0.469121 0.416465 4.51634
0.42839 0.28163 2.60361 0.963677 0.403917 1.03727
0.568732 0.378011 6.85454 0.387553 0.234312 3.66156
0.512015 0.273035 2.22124 0.562996 0.378891 1.21268
0.724295 0.335188 7.05449 0.712037 0.270959 4.95199
0.611151 0.349195 3.76303 0.492557 0.365693 5.21193
0.422032 0.449746 1.34282 0.743159 0.394278 3.48083
0.670513 0.43092 7.64847 0.436753 0.372758 2.36018
0.596161 0.240675 1.30967 0.973887 0.378319 5.19938
0.751289 0.245923 2.76024 0.303523 0.297878 5.1735
0.39025 0.312579 5.73651 0.693268 0.255424 3.96375
0.560151 0.316468 4.1807 0.359171 0.264382 4.21832
0.400604 0.306568 3.42915 0.624145 0.235757 5.61131
0.590966 0.381468 7.92867 0.887507 0.248451 2.80181
0.65563 0.256441 6.2705 0.667269 0.292009 4.86767
0.660629 0.327229 1.61848 0.501937 0.25049 1.13331
0.601309 0.442674 5.98329 0.626072 0.348477 5.04
0.7574 0.41147 1.68791 0.890831 0.362953 2.18194
0.550953 0.421906 8.30171 0.871994 0.239377 4.71533
0.482556 0.297229 6.0613 0.573852 0.413982 3.23877
0.496883 0.39047 6.45132 0.700353 0.451937 2.12263
0.603203 0.223925 5.54427 0.899058 0.356591 1.16586
0.55896 0.26741 1.57947 1.02074 0.370697 5.49672
0.420518 0.389087 3.69904 0.978261 0.228868 4.14791
0.578549 0.417167 8.07445 0.988692 0.456959 5.34871
0.410496 0.24217 5.60126 1.02852 0.326944 1.8868
0.788735 0.300045 6.12952 0.419068 0.34536 2.07593
0.589219 0.31814 3.64128 0.953315 0.286792 3.35937
0.495715 0.234318 3.73528 0.687973 0.322737 3.47618
0.580822 0.438761 5.40511 0.7268 0.38323 3.70553
0.52955 0.331958 3.53204 0.54646 0.26621 3.81851
0.493656 0.3019 2.25165 0.577146 0.246013 3.57326
0.433491 0.469174 7.62549 0.317763 0.389312 4.99885
0.746481 0.206424 8.15645 0.59947 0.442549 3.82999
0.740021 0.456587 2.86968 0.533899 0.490739 3.44331
0.564879 0.235887 7.89393 0.708941 0.200934 2.99802
0.433922 0.248807 2.46969 0.714558 0.217211 1.5685
0.697462 0.493915 2.28998 0.776581 0.353503 4.86232
0.692201 0.214187 3.30875 0.323038 0.453571 2.57511
0.50972 0.459384 4.04277 0.83583 0.432514 1.82871
0.546484 0.378823 1.36327 0.487683 0.231981 1.93564
0.403557 0.464885 5.32975 0.718917 0.202288 4.69685
0.783442 0.485264 1.54274 0.853112 0.261884 2.13561
0.454811 0.375419 5.08765 0.645537 0.416847 3.0855
0.675996 0.408417 1.47997 0.916748 0.319959 1.41788
0.458288 0.400141 6.61426 0.845952 0.337586 3.25622
0.607158 0.295508 8.33709 0.620134 0.3045 4.46314
0.585655 0.220338 3.14097 0.643689 0.298431 4.33428
0.771863 0.483426 6.35888 0.414964 0.351881 3.5301
0.777321 0.440516 6.83648 0.314988 0.399874 2.23606
0.710447 0.413671 1.24803 0.615479 0.443982 1.07388
0.645201 0.201091 5.84276 0.877277 0.277781 4.23997
0.71228 0.233225 2.57026 0.424984 0.475499 4.81907
0.462594 0.258264 7.82237 0.519162 0.488861 5.56652
0.393613 0.497539 4.15587 0.379132 0.383821 1.45598
0.6329 0.222539 6.91751 0.807387 0.477995 4.49472
0.734768 0.314839 3.59895 0.367077 0.401821 5.13093
0.585192 0.466894 7.30075 0.591348 0.47911 4.55209
0.489459 0.482367 7.35659 0.840942 0.350121 2.6141
0.764458 0.338079 6.66386 0.785067 0.268175 2.66462
0.466856 0.3702 4.36495 0.793816 0.485022 1.911
0.397117 0.215966 6.73053 0.944144 0.390965 2.42446
0.746279 0.436111 3.19558 0.835141 0.309766 2.44449
0.79529 0.270292 1.67794 1.01144 0.212831 3.60368
0.539838 0.328853 6.28833 0.592382 0.294081 2.00568
0.416532 0.219304 3.6197 0.353647 0.340456 5.41539
0.474266 0.491698 2.89927 0.757082 0.441009 2.35076
0.663573 0.404796 3.86148 0.557758 0.272488 2.95566
0.667946 0.428794 1.48189 0.771577 0.244706 4.97858
0.452816 0.477493 3.09654 0.676962 0.458947 5.48014
0.791893 0.366202 4.34096 0.352072 0.342523 1.66619
0.394385 0.461752 4.28038 0.361718 0.214492 4.62274
0.676746 0.351562 7.79641 0.341948 0.364314 4.08191
0.643141 0.307705 7.53667 1.00527 0.410522 2.7298
0.538118 0.226623 7.02448 0.586299 0.210083 4.77799
0.402533 0.37362 2.14837 0.812167 0.445156 3.12244
0.4483 0.423643 4.69197 0.32835 0.398295 3.73321
0.673784 0.419224 3.07246 0.971009 0.400007 5.69114
0.409211 0.367689 7.13548 0.930718 0.286295 2.78041
0.528582 0.252243 3.82287 0.794854 0.320933 2.31854
0.382987 0.324552 5.71722 0.940479 0.323791 3.67123
0.55586 0.489527 7.2108 0.782273 0.424524 2.69164
0.774597 0.446547 2.32623 0.446691 0.206049 3.29467
0.574703 0.490883 6.02893 0.392949 0.484712 4.20051
0.48984 0.499332 5.14889 0.871399 0.224604 4.07502
0.617214 0.421013 2.4802 0.514513 0.275001 3.30785
0.695195 0.428317 5.794 0.927764 0.316122 5.27885
0.484227 0.269525 4.87336 0.761384 0.328524 1.70839
0.638887 0.243775 6.23097 0.968511 0.395443 3.90949
0.715533 0.226745 8.03755 0.770294 0.426021 4.58544
0.787413 0.359262 5.66524 0.670711 0.496291 1.50748
0.381556 0.339491 3.39241 0.445388 0.222463 2.85541
0.647457 0.411847 1.75665 0.307583 0.450302 5.65982
0.685709 0.330523 8.22697 0.704076 0.359116 5.23904
0.761924 0.454045 5.25169 0.815472 0.428378 3.62723
0.767564 0.204883 6.40573 0.906297 0.269114 1.79534
0.779475 0.466603 1.4285 0.527684 0.472465 4.16667
0.798064 0.39398 2.72542 0.895337 0.343632 1.77296
0.708368 0.355684 3.88591 0.737346 0.360867 1.30803
0.388033 0.284482 7.73283 0.600462 0.460244 2.02929
0.472969 0.487577 7.46859 0.922522 0.305808 1.36648
0.604453 0.398718 2.93558 0.474194 0.209639 4.89935
0.47875 0.406094 4.57974 0.823205 0.243017 2.52089
0.504433 0.239613 4.48035 0.427485 0.4927 2.64068
0.737239 0.402163 8.10767 0.570947 0.208304 2.26046
0.785794 0.452628 2.64681 0.856634 0.2901 4.64035
0.725613 0.382917 4.01997 0.456843 0.392014 2.92623
0.425696 0.228337 4.81003 0.563798 0.253999 4.3621
0.476707 0.437243 4.73361 0.947523 0.282022 1.25088
0.437723 0.211691 1.95031 0.495515 0.367361 4.6622
0.694772 0.443817 8.37162 0.805145 0.295066 3.98151
0.570878 0.450132 4.92197 0.880542 0.317194 1.74396
0.502374 0.397537 1.23875 0.523172 0.408017 2.85339
0.627555 0.475779 7.97162 0.382135 0.448619 2.76279
0.613855 0.265642 5.0668 0.722694 0.221005 5.36739
0.531836 0.206905 2.16488 0.661943 0.218493 5.4401
0.728499 0.278203 2.09151 0.903369 0.420832 2.21994
0.44669 0.42599 5.02161 0.475183 0.325529 5.59555
0.514554 0.373048 2.40137 0.74051 0.426914 1.12997
0.430073 0.361714 5.30725 0.990374 0.380112 5.29527
0.653964 0.254173 6.94516 0.90877 0.469566 4.02614
0.795555 0.217718 7.09756 0.695455 0.462046 4.80628
0.47058 0.285989 6.77365 0.949077 0.332455 3.42634
0.759394 0.343088 4.2356 0.649768 0.311079 2.06595
0.500064 0.368505 8.17555 0.752068 0.494051 4.28736
0.635314 0.447646 4.27338 0.413087 0.331219 4.75204
0.544134 0.260093 3.23659 0.629641 0.498921 4.52809
0.720404 0.275344 7.855 0.850663 0.280468 2.54385
0.550321 0.209743 5.94365 0.554579 0.406126 2.71503
0.732306 0.480446 4.90501 0.393936 0.225782 3.79281
0.418762 0.457697 6.1765 0.610745 0.482839 1.09884
0.652602 0.34041 1.78109 0.580691 0.480896 4.41625
0.721643 0.479953 2.06408 0.509206 0.487231 5.09205
0.70439 0.290847 4.76787 0.484625 0.473909 1.35198
0.748887 0.385316 5.90283 0.862852 0.278572 4.30735
0.523144 0.263965 6.49834 0.433389 0.466999 3.37793
0.386973 0.201916 2.81855 0.346339 0.439201 1.00695
0.461065 0.34789 5.37171 0.865233 0.230457 5.40022
0.6798 0.310678 8.25808 0.635316 0.274164 1.59003
0.572716 0.395511 3.45589 0.746546 0.347192 4.04858
0.624763 0.304883 1.87746 0.372297 0.46508 1.63304
0.553059 0.387923 5.1813 0.339884 0.24076 3.76456
0.622341 0.210756 3.9212 0.329372 0.368663 1.39613
0.442692 0.474973 5.56506 0.958409 0.308015 1.27134
0.767052 0.383718 2.53232 0.787899 0.237402 3.1976
0.44417 0.36145 2.7126 0.516858 0.41196 5.54228
0.465276 0.354665 6.99055 0.983023 0.421804 1.47587
0.683888 0.279999 3.4943 0.462159 0.498275 4.93555
0.451036 0.32665 7.40731 0.764814 0.447528 2.4903
0.507019 0.230324 1.98751 0.732062 0.409969 5.33234
0.772915 0.392877 3.35673 0.373848 0.283478 4.10749
0.703003 0.352964 5.83162 1.02518 0.2604 3.54305
0.516705 0.334274 5.21872 0.82309 0.434116 2.98388
0.620049 0.41503 4.96791 0.401283 0.435733 3.86084
0.68952 0.407483 7.5668 0.657038 0.357663 2.4826
0.541626 0.472851 5.49906 0.91511 0.43717 1.97664
0.609963 0.262202 5.44425 0.33601 0.418542 5.62356
0.440575 0.309214 2.36252 0.550547 0.258891 1.9535
0.593195 0.460307 3.98853 0.828502 0.25278 1.32865
0.733606 0.322574 7.68586 0.682992 0.289352 1.83927
0.743013 0.433884 7.37384 0.639414 0.339456 2.89107
0.625667 0.283076 4.61462 0.441543 0.464576 4.43857
0.576885 0.273693 7.16621 0.504417 0.2163 3.18371
0.716304 0.471259 6.08539 0.479933 0.333585 1.62402
0.522131 0.357502 3.2667 0.405821 0.373602 3.93618
0.525581 0.294146 6.68364 0.403582 0.431635 2.39081
0.699765 0.288223 7.26075 1.00095 0.387748 3.14628
0.414721 0.251374 4.45408 0.454044 0.258315 1.54281
0.753342 0.28926 3.00255 1.01504 0.376315 3.34069
0.535 0.496393 1.88681 0.935383 0.300176 1.69996
0.682195 0.29265 2.03693 1.00853 0.247297 3.09133
0.407544 0.236915 6.53663 0.463622 0.303306 2.28702
0.659101 0.299998 1.80109 0.605964 0.456326 1.19854
0.597605 0.258533 4.64056 0.54075 0.336259 5.12383
0.639472 0.344217 2.96581 0.654483 0.385298 3.01703
