121.882 121.337
344.083 90.1192
121.51 81.1778
165.531 106.583
235.617 109.684
215.844 102.182
146.815 150.444
303.472 98.9259
242.48 129.045
154.65 80.4706
207.248 96.3131
142.309 172.075
261.045 80.5991
104.198 138.722
351.895 88.2
163.629 153.333
311.726 107.43
181.189 153.453
135.004 94.5495
161.718 96.4726
296.147 108.307
165.324 89.9052
130.57 89.2496
130.987 98.5019
184.515 125.672
161.718 112.365
155.173 109.989
99.2654 131.863
119.277 135.418
98.739 94.0836
119.06 157.306
283.974 76.6438
118.53 102.659
159.032 133.542
144.606 93.499
206.538 113.305
201.722 129.776
319.339 121.92
169.94 90.3931
190.916 74.513
175.936 114.254
191.976 154.467
133.258 81.8203
336.691 98.8884
141.638 106.198
265.395 136.137
166.083 132.664
144.799 87.6871
165.202 124.77
143.866 105.623
129.875 120.735
173.558 98.9606
168.494 116.546
259.068 68.2657
361.674 69.3927
224.286 106.767
126.643 106.517
230.282 96.0486
184.915 135.389
337.094 134.847
122.217 104.219
273.57 82.7182
166.673 90.5749
134.476 107.196
151.45 76.2021
145.096 122.617
119.325 168.624
139.653 74.4225
119.335 89.3695
207.684 108.918
292.19 162.528
146.783 113.93
209.458 84.6297
146.526 106.251
143.808 119.891
357.065 72.6254
324.753 136.856
306.476 84.7996
108.742 92.8963
200.41 122.041
129.719 150.285
317.192 122.97
102.825 83.3668
125.267 138.564
147.578 122.313
115.558 154.485
138.802 94.1574
274.6 74.8928
252.45 91.4384
135.113 107.379
223.003 92.8845
113.53 78.4387
164.804 129.803
107.325 100.619
130.617 91.3533
182.477 72.7854
274.676 156.618
317.102 102.1
145.741 85.1629
126.472 70.7254
141.401 88.3333
188.47 90.8149
138.02 72.2409
181.409 82.3963
190.262 157.301
145.737 110.629
248.246 94.5567
148.602 116.389
249.429 129.479
223.683 74.6867
126.683 71.1321
238.47 78.5169
199.783 155.218
148.626 114.869
208.169 167.078
136.138 77.0862
142.424 94.749
207.782 152.357
281.124 83.8335
160.054 102.606
173.797 136.288
125.613 90.8171
219.153 122.955
185.2 114.716
102.166 133.31
110.303 96.7693
141.529 83.5694
114.878 129.989
185.808 77.3461
130.759 112.884
254.82 85.7056
155.156 118.979
139.322 85.4786
197.712 122.832
300.018 72.6591
221.557 127.799
170.068 103.481
190.094 82.3605
263.783 87.1896
128.386 74.9779
237.49 119.814
406.703 182.2
131.78 125.915
207.458 86.8735
141.644 99.4386
324.762 106.174
342.515 101.766
396.069 109.79
143.825 120.022
150.667 75.8636
191.806 133.694
128.273 123.271
208.773 92.0161
143.199 130.106
136.428 139.175
296.337 73.8893
111.613 82.1468
129.601 113.868
253.848 89.1106
172.938 79.703
126.948 98.3039
294.589 103.469
229.429 143.716
168.604 91.4379
183.788 79.9363
174.849 72.7735
224.874 99.1976
240.769 106.982
265.415 74.1218
257.602 112.63
274.95 115.367
108.054 87.0433
295.132 154.971
105.484 83.8563
136.285 114.985
117.485 95.7227
255.881 158.925
220.239 103.145
192.512 106.595
165.991 93.6627
